010000001
001000100
010001010
001101000
010111101
001011000
010100000
001101100
010000001
001110100
001100100
010110100
001100000
110100000
001110000
010111111
000000100
001111000
010000000
001111100
001100001
101011001
100011100
110111000
001100110
000101100
001011100
101101101
100100001
001011101
110111101
001100101
000110010
011000010
001001100
010000010
001001000
001100101
011001000
011000101
000001111
001100100
001111001
000000100
001111000
001111101
000000100
001111100
101101001
100011011
001100101
001110100
010111111
001001000
101100100
001110101
000000100
001110100
001100100
101010000
001100001
000000100
001100000
110100000
001110000
001110101
001100100
101010100
110111000
001110110
110111101
001111101
101001001
100101000
001110101
000110010
011000010
001001100
010000010
001001000
001110101
011001000
011000101
000001111
001110100
001111001
000000100
001111000
001111101
000000100
001111100
101100100
000000000