010000001
001000100
010000111
001011100
010001010
001101000
010111111
000101000
000000100
001101000
010111101
001011000
010100000
001101100
010000001
001110100
001100100
010110100
001100000
110100000
001110000
010111111
000000100
001111000
001100001
101011001
100011100
110111000
011000100
011000101
001100110
000101100
101101101
100100001
001100101
000110010
011000010
001001100
010000010
001001000
001100101
011001000
011000101
000001111
001100100
001111001
000000100
001111000
101101001
100011011
001100101
001110100
010111111
001100000
000100000
000000100
001100100
101100100
001110101
000000100
001110100
001100100
101010000
001100001
000000100
001100000
110100000
001110000
001110101
001100100
101010100
110111000
011000100
011000101
001110110
000101100
101101101
100101101
001110101
000110010
011000010
001001100
010000010
001001000
001110101
011001000
011000101
000001111
001110100
001111001
000000100
001111000
101100100
110111000
011000100
011000101
001010100
011000010
001001000
110111000
011011101
101001001
100110001
001010101
001110110
110111101
001111001
101100101
100110100
001110101
000110010
011000010
001001100
010000010
001001000
001110101
011001000
011000101
000001111
001110100
001111001
000000100
001111000
001111101
000000100
001111100
101101100
010111111
001010000
000010000
001010000
010000010
000010000
110111101
001111001
101100101
100110100
001110101
000110010
011000010
001001100
010000010
001001000
001110101
011001000
011000101
000001111
001110100
001111001
000000100
001111000
001111101
000000100
001111100
101101100
001111101
101100001
100111000
001111101
000000100
001111100
010000000
110111101
101110100
000000000