010000001
001000100
010111111
001100100
000100100
000000100
001100100
010100000
001101100
010111110
001111000
010111111
000000100
001111100
110111000
001110000
001111001
000000100
001111000
110111000
001110100
010111101
001111000
110111000
001101000
001101101
000101101
001110110
110111101
001110101
000110010
011000010
001001100
010000010
001010000
001110101
011010000
011000101
000001111
001110100
001111101
000000100
001111100
001001001
000000100
001001000
010001010
001001100
001001001
101001101
100000011
001001001
101101001
100000100
010001111
001001100
001001001
101001101
100000011
010000000
001111000
110111000
001110110
110111101
001110101
000110010
011000010
001001100
010000010
001010000
001110101
011010000
011000101
000001111
001110100
001111101
101100101
100001100
001111001
000000100
001111000
001111101
000000100
001111100
101001000
000000000